4.751000
6.863000
8.613000
9.955000
11.260000
12.030000
12.617000
13.784000
14.320000
15.062000
15.783000
16.264000
16.897000
17.583000
17.860000
18.521000
18.724000
19.503000
19.792000
20.218000
20.401000
21.033000
21.306000
21.827000
22.211000
22.570000
23.225000
23.569000
23.884000
24.129000
24.241000
24.826000
24.691000
25.661000
25.542000
26.089000
26.863000
26.790000
26.685000
26.913000
27.468000
27.526000
28.051000
28.012000
28.893000
28.864000
29.280000
29.517000
29.561000
29.763000
30.223000
30.287000
30.571000
30.769000
30.939000
31.709000
31.423000
32.087000
32.034000
32.178000
